{
  "accessors": [
    {
      "bufferView": 2,
      "componentType": 5126,
      "count": 4073,
      "max": [
        1.2439744472503662,
        3.7876923084259033,
        1.4173624515533447
      ],
      "min": [
        -1.218397855758667,
        -0.00013013283023610711,
        -0.96008563041687012
      ],
      "type": "VEC3"
    },
    {
      "bufferView": 2,
      "byteOffset": 48876,
      "componentType": 5126,
      "count": 4073,
      "max": [
        0.99947082996368408,
        0.99931544065475464,
        0.99944013357162476
      ],
      "min": [
        -0.99994403123855591,
        -0.99805378913879395,
        -0.99937063455581665
      ],
      "type": "VEC3"
    },
    {
      "bufferView": 3,
      "componentType": 5126,
      "count": 4073,
      "max": [
        0.99996954202651978,
        0.99988061189651489,
        0.99993914365768433,
        1
      ],
      "min": [
        -0.99998772144317627,
        -0.99988782405853271,
        -0.99980455636978149,
        -1
      ],
      "type": "VEC4"
    },
    {
      "bufferView": 1,
      "componentType": 5126,
      "count": 4073,
      "max": [
        0.98927098512649536,
        0.99500000476837158
      ],
      "min": [
        0.010728999972343445,
        0.004999995231628418
      ],
      "type": "VEC2"
    },
    {
      "bufferView": 0,
      "componentType": 5125,
      "count": 19548,
      "max": [
        4072
      ],
      "min": [
        0
      ],
      "type": "SCALAR"
    },
    {
      "bufferView": 2,
      "byteOffset": 97752,
      "componentType": 5126,
      "count": 584,
      "max": [
        0.79693245887756348,
        4.5655717849731445,
        0.90501779317855835
      ],
      "min": [
        -0.62095648050308228,
        3.5218789577484131,
        -0.50548326969146729
      ],
      "type": "VEC3"
    },
    {
      "bufferView": 2,
      "byteOffset": 104760,
      "componentType": 5126,
      "count": 584,
      "max": [
        0.98090916872024536,
        0.99472725391387939,
        0.97915738821029663
      ],
      "min": [
        -0.98485535383224487,
        -0.9955059289932251,
        -0.98113816976547241
      ],
      "type": "VEC3"
    },
    {
      "bufferView": 3,
      "byteOffset": 65168,
      "componentType": 5126,
      "count": 584,
      "max": [
        0.98239409923553467,
        0.98429447412490845,
        0.97531139850616455,
        1
      ],
      "min": [
        -0.98483556509017944,
        -0.99945533275604248,
        -0.97983747720718384,
        1
      ],
      "type": "VEC4"
    },
    {
      "bufferView": 1,
      "byteOffset": 32584,
      "componentType": 5126,
      "count": 584,
      "max": [
        0.99500000476837158,
        0.99322998523712158
      ],
      "min": [
        0.004999999888241291,
        0.006770014762878418
      ],
      "type": "VEC2"
    },
    {
      "bufferView": 0,
      "byteOffset": 78192,
      "componentType": 5125,
      "count": 858,
      "max": [
        583
      ],
      "min": [
        0
      ],
      "type": "SCALAR"
    },
    {
      "bufferView": 2,
      "byteOffset": 111768,
      "componentType": 5126,
      "count": 323,
      "max": [
        0.26640000939369202,
        0.26640000939369202,
        0.26640000939369202
      ],
      "min": [
        -0.26640000939369202,
        -0.26640000939369202,
        -0.26640000939369202
      ],
      "type": "VEC3"
    },
    {
      "bufferView": 2,
      "byteOffset": 115644,
      "componentType": 5126,
      "count": 323,
      "max": [
        1,
        1,
        1
      ],
      "min": [
        -1,
        -1,
        -1
      ],
      "type": "VEC3"
    },
    {
      "bufferView": 3,
      "byteOffset": 74512,
      "componentType": 5126,
      "count": 323,
      "max": [
        1,
        0.065542884171009064,
        1,
        1
      ],
      "min": [
        -1,
        -0.065542884171009064,
        -1,
        1
      ],
      "type": "VEC4"
    },
    {
      "bufferView": 1,
      "byteOffset": 37256,
      "componentType": 5126,
      "count": 323,
      "max": [
        1,
        1
      ],
      "min": [
        0,
        0
      ],
      "type": "VEC2"
    },
    {
      "bufferView": 0,
      "byteOffset": 81624,
      "componentType": 5125,
      "count": 1584,
      "max": [
        322
      ],
      "min": [
        0
      ],
      "type": "SCALAR"
    },
    {
      "bufferView": 2,
      "byteOffset": 119520,
      "componentType": 5126,
      "count": 323,
      "max": [
        0.26640000939369202,
        0.26640000939369202,
        0.26640000939369202
      ],
      "min": [
        -0.26640000939369202,
        -0.26640000939369202,
        -0.26640000939369202
      ],
      "type": "VEC3"
    },
    {
      "bufferView": 2,
      "byteOffset": 123396,
      "componentType": 5126,
      "count": 323,
      "max": [
        1,
        1,
        1
      ],
      "min": [
        -1,
        -1,
        -1
      ],
      "type": "VEC3"
    },
    {
      "bufferView": 3,
      "byteOffset": 79680,
      "componentType": 5126,
      "count": 323,
      "max": [
        1,
        0.065542884171009064,
        1,
        1
      ],
      "min": [
        -1,
        -0.065542884171009064,
        -1,
        1
      ],
      "type": "VEC4"
    },
    {
      "bufferView": 1,
      "byteOffset": 39840,
      "componentType": 5126,
      "count": 323,
      "max": [
        1,
        1
      ],
      "min": [
        0,
        0
      ],
      "type": "VEC2"
    },
    {
      "bufferView": 0,
      "byteOffset": 87960,
      "componentType": 5125,
      "count": 1584,
      "max": [
        322
      ],
      "min": [
        0
      ],
      "type": "SCALAR"
    },
    {
      "bufferView": 4,
      "componentType": 5126,
      "count": 10,
      "max": [
        1,
        0.055582359433174133,
        0.0043017854914069176,
        0,
        0.12510716915130615,
        1,
        3.2265531074879511e-16,
        0,
        0.032349802553653717,
        0.94028371572494507,
        1,
        0,
        0.37124735116958618,
        1.4860192537307739,
        2.371739387512207,
        1
      ],
      "min": [
        -0.99998950958251953,
        -0.077183850109577179,
        -0.11968275159597397,
        0,
        -0.13868957757949829,
        -0.33152580261230469,
        -0.97586703300476074,
        0,
        -0.00033345562405884266,
        -0.97587651014328003,
        -0.48500645160675049,
        0,
        -0.31178039312362671,
        -2.245311975479126,
        0,
        1
      ],
      "type": "MAT4"
    }
  ],
  "asset": {
    "extras": {
      "author": "Tommensink (https://sketchfab.com/Tommensink)",
      "license": "CC-BY-4.0 (http://creativecommons.org/licenses/by/4.0/)",
      "source": "https://sketchfab.com/models/62a16004a53743b29dd3d01088406873",
      "title": "snowman3"
    },
    "generator": "Sketchfab-3.54.8-rc1",
    "version": "2.0"
  },
  "bufferViews": [
    {
      "buffer": 0,
      "byteLength": 94296,
      "byteOffset": 0,
      "name": "floatBufferViews",
      "target": 34963
    },
    {
      "buffer": 0,
      "byteLength": 42424,
      "byteOffset": 94296,
      "byteStride": 8,
      "name": "floatBufferViews",
      "target": 34962
    },
    {
      "buffer": 0,
      "byteLength": 127272,
      "byteOffset": 136720,
      "byteStride": 12,
      "name": "floatBufferViews",
      "target": 34962
    },
    {
      "buffer": 0,
      "byteLength": 84848,
      "byteOffset": 263992,
      "byteStride": 16,
      "name": "floatBufferViews",
      "target": 34962
    },
    {
      "buffer": 0,
      "byteLength": 640,
      "byteOffset": 348840,
      "byteStride": 64,
      "name": "floatBufferViews"
    }
  ],
  "buffers": [
    {
      "byteLength": 349480,
      "uri": "snowman.bin"
    }
  ],
  "images": [
    {
      "uri": "textures/Mat_1_2_baseColor.jpeg"
    },
    {
      "uri": "textures/Mat_0_1_baseColor.jpeg"
    },
    {
      "uri": "textures/material_0_baseColor.jpeg"
    }
  ],
  "materials": [
    {
      "doubleSided": false,
      "emissiveFactor": [
        0,
        0,
        0
      ],
      "name": "material_0",
      "pbrMetallicRoughness": {
        "baseColorFactor": [
          1,
          1,
          1,
          1
        ],
        "baseColorTexture": {
          "index": 2,
          "texCoord": 0
        },
        "metallicFactor": 0,
        "roughnessFactor": 0.95243199999999995
      }
    },
    {
      "doubleSided": false,
      "emissiveFactor": [
        0,
        0,
        0
      ],
      "name": "Mat_0_1",
      "pbrMetallicRoughness": {
        "baseColorFactor": [
          1,
          1,
          1,
          1
        ],
        "baseColorTexture": {
          "index": 1,
          "texCoord": 0
        },
        "metallicFactor": 0,
        "roughnessFactor": 0.95243199999999995
      }
    },
    {
      "doubleSided": false,
      "emissiveFactor": [
        0,
        0,
        0
      ],
      "name": "Mat_1_2",
      "pbrMetallicRoughness": {
        "baseColorFactor": [
          1,
          1,
          1,
          1
        ],
        "baseColorTexture": {
          "index": 0,
          "texCoord": 0
        },
        "metallicFactor": 0,
        "roughnessFactor": 0.95243199999999995
      }
    }
  ],
  "meshes": [
    {
      "primitives": [
        {
          "attributes": {
            "NORMAL": 1,
            "POSITION": 0,
            "TANGENT": 2,
            "TEXCOORD_0": 3
          },
          "indices": 4,
          "material": 0,
          "mode": 4
        }
      ]
    },
    {
      "primitives": [
        {
          "attributes": {
            "NORMAL": 6,
            "POSITION": 5,
            "TANGENT": 7,
            "TEXCOORD_0": 8
          },
          "indices": 9,
          "material": 1,
          "mode": 4
        }
      ]
    },
    {
      "primitives": [
        {
          "attributes": {
            "NORMAL": 11,
            "POSITION": 10,
            "TANGENT": 12,
            "TEXCOORD_0": 13
          },
          "indices": 14,
          "material": 2,
          "mode": 4
        }
      ]
    },
    {
      "primitives": [
        {
          "attributes": {
            "NORMAL": 16,
            "POSITION": 15,
            "TANGENT": 17,
            "TEXCOORD_0": 18
          },
          "indices": 19,
          "material": 2,
          "mode": 4
        }
      ]
    }
  ],
  "nodes": [
    {
      "children": [
        1
      ],
      "name": "RootNode (gltf orientation matrix)",
      "rotation": [
        -0.70710678118654746,
        -0,
        -0,
        0.70710678118654757
      ]
    },
    {
      "children": [
        2
      ],
      "name": "RootNode (model correction matrix)"
    },
    {
      "children": [
        3
      ],
      "name": "root"
    },
    {
      "children": [
        4
      ],
      "matrix": [
        1,
        0,
        0,
        0,
        0,
        2.2204460492503131e-16,
        1,
        0,
        0,
        -1,
        2.2204460492503131e-16,
        0,
        0,
        0,
        0,
        1
      ],
      "name": "GLTF_SceneRootNode"
    },
    {
      "children": [
        5
      ],
      "name": "snowman_0"
    },
    {
      "children": [
        6
      ],
      "matrix": [
        0.5,
        0,
        0,
        0,
        0,
        0.5,
        0,
        0,
        0,
        0,
        0.5,
        0,
        0,
        0,
        0,
        1
      ],
      "name": "RootNode (gltf orientation matrix)_1"
    },
    {
      "children": [
        7
      ],
      "name": "RootNode (model correction matrix)_2"
    },
    {
      "children": [
        8
      ],
      "name": "a1f6a14753e5416aa96cb9c8ea9e8c2c.fbx_3"
    },
    {
      "children": [
        9
      ],
      "name": "GLTFNode_3_4"
    },
    {
      "children": [
        10
      ],
      "name": "RootNode_5"
    },
    {
      "children": [
        11
      ],
      "name": "GLTFNode_5_6"
    },
    {
      "children": [
        12,
        13,
        15,
        17
      ],
      "name": "GLTF_created_0"
    },
    {
      "children": [
        20
      ],
      "name": "GLTF_created_0_rootJoint"
    },
    {
      "children": [
        14
      ],
      "name": "GLTFNode_8_35"
    },
    {
      "mesh": 0,
      "name": ""
    },
    {
      "children": [
        16
      ],
      "name": "GLTFNode_10_36"
    },
    {
      "mesh": 1,
      "name": ""
    },
    {
      "children": [
        18
      ],
      "matrix": [
        0.73008275630920294,
        0.62361958987847355,
        0.27942400766534237,
        0,
        -0.13736207379729487,
        -0.2666271719156581,
        0.95396101171817527,
        0,
        0.66941080781689166,
        -0.73485274600838391,
        -0.10899822045278573,
        0,
        0.00028038222808390856,
        0.5560530424118042,
        -0.052382536232471466,
        1
      ],
      "name": "Sphere_39"
    },
    {
      "children": [
        19
      ],
      "name": "Sphere_Mat_0_40"
    },
    {
      "mesh": 2,
      "name": ""
    },
    {
      "children": [
        21
      ],
      "name": "_rootJoint_7"
    },
    {
      "children": [
        22
      ],
      "matrix": [
        -0.02192305083200341,
        0.080673376788774301,
        -0.99649946619138408,
        0,
        0.026494203011427426,
        0.99643584519249251,
        0.08008535210831183,
        0,
        0.99940854361417497,
        -0.024645743912884176,
        -0.02398229050724443,
        0,
        0.0080852564424276352,
        1.5244550704956055,
        0.0056969756260514259,
        1
      ],
      "name": "snowman_Hips_01_8"
    },
    {
      "children": [
        23
      ],
      "matrix": [
        0.99750292600853641,
        0.070483675567736201,
        -0.0044681184933398127,
        0,
        -0.070554567516716252,
        0.99733755212211428,
        -0.018435295755647552,
        0,
        0.0031568349557027516,
        0.018704507626002214,
        0.99982007170667031,
        0,
        -0.00085473805665969849,
        0.19056105613708496,
        -5.2041704279304213e-17,
        1
      ],
      "name": "snowman_Spine_02_9"
    },
    {
      "children": [
        24
      ],
      "matrix": [
        0.99925630620990935,
        0.038496723567187661,
        -0.0021992667685645116,
        0,
        -0.038506090220782378,
        0.99924872903349971,
        -0.0043884554053289174,
        0,
        0.0020286733686678219,
        0.0044698769029057981,
        0.99998795226984416,
        0,
        -2.7755575615628914e-17,
        0.22232350707054138,
        -1.3444106938820255e-17,
        1
      ],
      "name": "snowman_Spine1_03_10"
    },
    {
      "children": [
        25
      ],
      "matrix": [
        0.99925611769011868,
        0.038498250285515415,
        -0.0022574285870233819,
        0,
        -0.038507788722478231,
        0.99924884833371375,
        -0.0043461835501623046,
        0,
        0.0020884124536777789,
        0.0044298790841890198,
        0.99998800728044879,
        0,
        0,
        0.25408405065536499,
        -6.4184768611141862e-17,
        1
      ],
      "name": "snowman_Spine2_04_11"
    },
    {
      "children": [
        26
      ],
      "matrix": [
        -0.99672030167735293,
        -0.0089523106202360515,
        0.080426962884134548,
        0,
        -0.055976731604844274,
        -0.64145873954056776,
        -0.76511260020069327,
        0,
        0.058440103893186032,
        -0.76710530020433676,
        0.63885382729961648,
        0,
        8.8091714133042842e-05,
        0.22760580480098724,
        -0.2624073326587677,
        1
      ],
      "name": "snowman_RightShoulder_012_19"
    },
    {
      "children": [
        27
      ],
      "matrix": [
        -0.14942345927091849,
        0.26583654448268779,
        -0.95236734584771243,
        0,
        -0.13631884682033069,
        0.94844453977193866,
        0.28612956327225397,
        0,
        0.97933130340099295,
        0.17258008747911652,
        -0.10548133287275574,
        0,
        2.2204460492503131e-16,
        0.53571927547454834,
        2.2204460492503131e-16,
        1
      ],
      "name": "snowman_RightArm_013_20"
    },
    {
      "children": [
        28
      ],
      "matrix": [
        -0.19892330817247261,
        -0.85481413735856537,
        -0.47929355100778398,
        0,
        -0.5534233360864671,
        -0.30563990549513576,
        0.77479472071242839,
        0,
        -0.80879671645021212,
        0.41937696496214022,
        -0.41227519052023842,
        0,
        2.2204460492503131e-16,
        0.02973279170691967,
        3.3306690738754696e-16,
        1
      ],
      "name": "snowman_RightForeArm_014_21"
    },
    {
      "children": [
        29
      ],
      "matrix": [
        1,
        -8.3266726846886741e-17,
        2.7755575615628914e-17,
        0,
        8.3266726846886741e-17,
        1,
        -5.5511151231257827e-17,
        0,
        -2.775557561562891e-17,
        5.5511151231257827e-17,
        1,
        0,
        -7.7715611723760958e-16,
        0.50097084045410156,
        -2.2204460492503131e-16,
        1
      ],
      "name": "snowman_RightHand_015_22"
    },
    {
      "children": [
        30
      ],
      "matrix": [
        0.73008275630920294,
        0.62361958987847355,
        0.27942400766534237,
        0,
        -0.13736207379729487,
        -0.2666271719156581,
        0.95396101171817527,
        0,
        0.66941080781689166,
        -0.73485274600838391,
        -0.10899822045278573,
        0,
        0.00028038222808390856,
        0.5560530424118042,
        -0.052382536232471466,
        1
      ],
      "name": "Sphere_2_23"
    },
    {
      "children": [
        31
      ],
      "name": "Sphere_2_Mat_0_24"
    },
    {
      "mesh": 3,
      "name": ""
    }
  ],
  "samplers": [
    {
      "magFilter": 9729,
      "minFilter": 9729,
      "wrapS": 10497,
      "wrapT": 10497
    }
  ],
  "scene": 0,
  "scenes": [
    {
      "name": "OSG_Scene",
      "nodes": [
        0
      ]
    }
  ],
  "skins": [
    {
      "inverseBindMatrices": 20,
      "joints": [
        12,
        20,
        21,
        22,
        23,
        24,
        25,
        26,
        27,
        28
      ],
      "skeleton": 12
    }
  ],
  "textures": [
    {
      "sampler": 0,
      "source": 0
    },
    {
      "sampler": 0,
      "source": 1
    },
    {
      "sampler": 0,
      "source": 2
    }
  ]
}

